4294A REV1.11
"DATE: Jan 25 2018"


"MEASURE PARAMETER: IMPEDANCE MAG PHASE (DEG)"
"ADAPTER: NONE"
"SWEEP TYPE: LOG FREQ"
"NUMBER of POINTS: 800"
"POINT DELAY TIME:  0 Sec"
"SWEEP DELAY TIME:  0 Sec"
"OSC LEVEL:  500 mVolt"
"DC BIAS: OFF"
"BW: 5"
"SWEEP AVERAGING: OFF"
"POINT AVERAGING: OFF"


"TRACE: A"
"FORMAT: LOG"

"Frequency"	"Data Trace Real"	"Data Trace Imag"
1.00000000000e+03	1.324238e+00	0.000000e+00
1.00868300000e+03	1.334925e+00	0.000000e+00
1.01744100000e+03	1.346243e+00	0.000000e+00
1.02627600000e+03	1.356784e+00	0.000000e+00
1.03518700000e+03	1.367454e+00	0.000000e+00
1.04417500000e+03	1.379208e+00	0.000000e+00
1.05324200000e+03	1.390440e+00	0.000000e+00
1.06238700000e+03	1.402029e+00	0.000000e+00
1.07161200000e+03	1.413184e+00	0.000000e+00
1.08091700000e+03	1.425062e+00	0.000000e+00
1.09030200000e+03	1.436397e+00	0.000000e+00
1.09976900000e+03	1.448478e+00	0.000000e+00
1.10931900000e+03	1.460703e+00	0.000000e+00
1.11895100000e+03	1.472369e+00	0.000000e+00
1.12866700000e+03	1.484661e+00	0.000000e+00
1.13846700000e+03	1.496906e+00	0.000000e+00
1.14835200000e+03	1.509195e+00	0.000000e+00
1.15832300000e+03	1.521720e+00	0.000000e+00
1.16838100000e+03	1.534254e+00	0.000000e+00
1.17852600000e+03	1.546975e+00	0.000000e+00
1.18875900000e+03	1.560268e+00	0.000000e+00
1.19908100000e+03	1.573102e+00	0.000000e+00
1.20949300000e+03	1.586195e+00	0.000000e+00
1.21999500000e+03	1.599323e+00	0.000000e+00
1.23058800000e+03	1.612428e+00	0.000000e+00
1.24127300000e+03	1.625927e+00	0.000000e+00
1.25205100000e+03	1.639652e+00	0.000000e+00
1.26292300000e+03	1.653260e+00	0.000000e+00
1.27388800000e+03	1.666735e+00	0.000000e+00
1.28495000000e+03	1.680823e+00	0.000000e+00
1.29610700000e+03	1.694412e+00	0.000000e+00
1.30736100000e+03	1.708873e+00	0.000000e+00
1.31871300000e+03	1.723117e+00	0.000000e+00
1.33016300000e+03	1.737841e+00	0.000000e+00
1.34171300000e+03	1.752383e+00	0.000000e+00
1.35336300000e+03	1.767139e+00	0.000000e+00
1.36511400000e+03	1.781744e+00	0.000000e+00
1.37696700000e+03	1.796676e+00	0.000000e+00
1.38892400000e+03	1.811531e+00	0.000000e+00
1.40098400000e+03	1.826603e+00	0.000000e+00
1.41314800000e+03	1.842273e+00	0.000000e+00
1.42541900000e+03	1.857683e+00	0.000000e+00
1.43779600000e+03	1.873238e+00	0.000000e+00
1.45028000000e+03	1.889370e+00	0.000000e+00
1.46287300000e+03	1.904798e+00	0.000000e+00
1.47557500000e+03	1.921207e+00	0.000000e+00
1.48838700000e+03	1.937557e+00	0.000000e+00
1.50131100000e+03	1.953409e+00	0.000000e+00
1.51434700000e+03	1.969812e+00	0.000000e+00
1.52749600000e+03	1.986696e+00	0.000000e+00
1.54075900000e+03	2.003175e+00	0.000000e+00
1.55413700000e+03	2.020399e+00	0.000000e+00
1.56763200000e+03	2.037613e+00	0.000000e+00
1.58124300000e+03	2.054335e+00	0.000000e+00
1.59497300000e+03	2.071975e+00	0.000000e+00
1.60882300000e+03	2.089632e+00	0.000000e+00
1.62279200000e+03	2.107383e+00	0.000000e+00
1.63688300000e+03	2.125176e+00	0.000000e+00
1.65109600000e+03	2.142956e+00	0.000000e+00
1.66543200000e+03	2.160877e+00	0.000000e+00
1.67989300000e+03	2.179460e+00	0.000000e+00
1.69447900000e+03	2.198028e+00	0.000000e+00
1.70919300000e+03	2.216600e+00	0.000000e+00
1.72403300000e+03	2.235497e+00	0.000000e+00
1.73900300000e+03	2.254668e+00	0.000000e+00
1.75410300000e+03	2.273658e+00	0.000000e+00
1.76933400000e+03	2.292750e+00	0.000000e+00
1.78469700000e+03	2.312215e+00	0.000000e+00
1.80019300000e+03	2.331835e+00	0.000000e+00
1.81582400000e+03	2.351687e+00	0.000000e+00
1.83159100000e+03	2.371486e+00	0.000000e+00
1.84749500000e+03	2.392095e+00	0.000000e+00
1.86353700000e+03	2.412740e+00	0.000000e+00
1.87971800000e+03	2.432707e+00	0.000000e+00
1.89603900000e+03	2.453732e+00	0.000000e+00
1.91250200000e+03	2.474479e+00	0.000000e+00
1.92910900000e+03	2.495625e+00	0.000000e+00
1.94585900000e+03	2.516804e+00	0.000000e+00
1.96275500000e+03	2.538187e+00	0.000000e+00
1.97979800000e+03	2.559871e+00	0.000000e+00
1.99698800000e+03	2.581904e+00	0.000000e+00
2.01432800000e+03	2.603917e+00	0.000000e+00
2.03181800000e+03	2.625855e+00	0.000000e+00
2.04946000000e+03	2.648456e+00	0.000000e+00
2.06725600000e+03	2.671698e+00	0.000000e+00
2.08520600000e+03	2.693959e+00	0.000000e+00
2.10331200000e+03	2.716805e+00	0.000000e+00
2.12157500000e+03	2.740379e+00	0.000000e+00
2.13999600000e+03	2.764075e+00	0.000000e+00
2.15857800000e+03	2.787633e+00	0.000000e+00
2.17732100000e+03	2.811217e+00	0.000000e+00
2.19622600000e+03	2.835499e+00	0.000000e+00
2.21529600000e+03	2.859805e+00	0.000000e+00
2.23453200000e+03	2.884266e+00	0.000000e+00
2.25393400000e+03	2.908817e+00	0.000000e+00
2.27350500000e+03	2.933810e+00	0.000000e+00
2.29324600000e+03	2.959128e+00	0.000000e+00
2.31315800000e+03	2.984132e+00	0.000000e+00
2.33324300000e+03	3.010036e+00	0.000000e+00
2.35350200000e+03	3.035586e+00	0.000000e+00
2.37393800000e+03	3.061987e+00	0.000000e+00
2.39455100000e+03	3.088170e+00	0.000000e+00
2.41534300000e+03	3.114446e+00	0.000000e+00
2.43631500000e+03	3.141354e+00	0.000000e+00
2.45746900000e+03	3.168519e+00	0.000000e+00
2.47880800000e+03	3.195218e+00	0.000000e+00
2.50033100000e+03	3.222882e+00	0.000000e+00
2.52204100000e+03	3.250299e+00	0.000000e+00
2.54394000000e+03	3.278612e+00	0.000000e+00
2.56602900000e+03	3.306431e+00	0.000000e+00
2.58831000000e+03	3.334785e+00	0.000000e+00
2.61078400000e+03	3.363014e+00	0.000000e+00
2.63345400000e+03	3.392390e+00	0.000000e+00
2.65632000000e+03	3.421852e+00	0.000000e+00
2.67938500000e+03	3.450917e+00	0.000000e+00
2.70265000000e+03	3.480648e+00	0.000000e+00
2.72611700000e+03	3.510469e+00	0.000000e+00
2.74978700000e+03	3.540339e+00	0.000000e+00
2.77366400000e+03	3.571626e+00	0.000000e+00
2.79774700000e+03	3.602141e+00	0.000000e+00
2.82204000000e+03	3.633223e+00	0.000000e+00
2.84654400000e+03	3.663844e+00	0.000000e+00
2.87126000000e+03	3.695488e+00	0.000000e+00
2.89619200000e+03	3.727436e+00	0.000000e+00
2.92133900000e+03	3.759325e+00	0.000000e+00
2.94670500000e+03	3.791768e+00	0.000000e+00
2.97229100000e+03	3.824308e+00	0.000000e+00
2.99810000000e+03	3.857713e+00	0.000000e+00
3.02413200000e+03	3.891091e+00	0.000000e+00
3.05039100000e+03	3.924759e+00	0.000000e+00
3.07687700000e+03	3.958093e+00	0.000000e+00
3.10359300000e+03	3.992008e+00	0.000000e+00
3.13054200000e+03	4.026563e+00	0.000000e+00
3.15772400000e+03	4.061644e+00	0.000000e+00
3.18514300000e+03	4.096435e+00	0.000000e+00
3.21279900000e+03	4.132007e+00	0.000000e+00
3.24069600000e+03	4.167631e+00	0.000000e+00
3.26883500000e+03	4.203575e+00	0.000000e+00
3.29721800000e+03	4.239855e+00	0.000000e+00
3.32584800000e+03	4.276438e+00	0.000000e+00
3.35472600000e+03	4.313194e+00	0.000000e+00
3.38385500000e+03	4.350513e+00	0.000000e+00
3.41323700000e+03	4.388331e+00	0.000000e+00
3.44287400000e+03	4.425911e+00	0.000000e+00
3.47276900000e+03	4.464508e+00	0.000000e+00
3.50292300000e+03	4.502803e+00	0.000000e+00
3.53333800000e+03	4.541726e+00	0.000000e+00
3.56401800000e+03	4.580765e+00	0.000000e+00
3.59496500000e+03	4.620470e+00	0.000000e+00
3.62618000000e+03	4.660375e+00	0.000000e+00
3.65766600000e+03	4.700259e+00	0.000000e+00
3.68942500000e+03	4.740660e+00	0.000000e+00
3.72146000000e+03	4.781379e+00	0.000000e+00
3.75377400000e+03	4.822967e+00	0.000000e+00
3.78636800000e+03	4.864305e+00	0.000000e+00
3.81924500000e+03	4.907131e+00	0.000000e+00
3.85240700000e+03	4.948701e+00	0.000000e+00
3.88585700000e+03	4.991779e+00	0.000000e+00
3.91959800000e+03	5.035310e+00	0.000000e+00
3.95363200000e+03	5.078423e+00	0.000000e+00
3.98796100000e+03	5.122731e+00	0.000000e+00
4.02258900000e+03	5.167177e+00	0.000000e+00
4.05751700000e+03	5.211343e+00	0.000000e+00
4.09274800000e+03	5.256672e+00	0.000000e+00
4.12828500000e+03	5.302259e+00	0.000000e+00
4.16413100000e+03	5.347850e+00	0.000000e+00
4.20028800000e+03	5.394145e+00	0.000000e+00
4.23675900000e+03	5.440241e+00	0.000000e+00
4.27354700000e+03	5.487449e+00	0.000000e+00
4.31065400000e+03	5.534985e+00	0.000000e+00
4.34808300000e+03	5.583177e+00	0.000000e+00
4.38583800000e+03	5.630762e+00	0.000000e+00
4.42392000000e+03	5.679805e+00	0.000000e+00
4.46233300000e+03	5.729239e+00	0.000000e+00
4.50107900000e+03	5.778580e+00	0.000000e+00
4.54016200000e+03	5.828335e+00	0.000000e+00
4.57958400000e+03	5.879223e+00	0.000000e+00
4.61934800000e+03	5.929500e+00	0.000000e+00
4.65945800000e+03	5.980865e+00	0.000000e+00
4.69991600000e+03	6.032757e+00	0.000000e+00
4.74072500000e+03	6.084444e+00	0.000000e+00
4.78188900000e+03	6.137376e+00	0.000000e+00
4.82341000000e+03	6.190771e+00	0.000000e+00
4.86529200000e+03	6.244181e+00	0.000000e+00
4.90753700000e+03	6.298240e+00	0.000000e+00
4.95014900000e+03	6.352948e+00	0.000000e+00
4.99313100000e+03	6.407322e+00	0.000000e+00
5.03648600000e+03	6.463254e+00	0.000000e+00
5.08021800000e+03	6.519179e+00	0.000000e+00
5.12432900000e+03	6.575278e+00	0.000000e+00
5.16882400000e+03	6.632705e+00	0.000000e+00
5.21370500000e+03	6.690068e+00	0.000000e+00
5.25897500000e+03	6.747975e+00	0.000000e+00
5.30463900000e+03	6.806357e+00	0.000000e+00
5.35069900000e+03	6.865107e+00	0.000000e+00
5.39715900000e+03	6.924674e+00	0.000000e+00
5.44402200000e+03	6.984785e+00	0.000000e+00
5.49129300000e+03	7.044600e+00	0.000000e+00
5.53897300000e+03	7.105720e+00	0.000000e+00
5.58706800000e+03	7.167892e+00	0.000000e+00
5.63558100000e+03	7.229527e+00	0.000000e+00
5.68451400000e+03	7.292363e+00	0.000000e+00
5.73387300000e+03	7.356153e+00	0.000000e+00
5.78366000000e+03	7.419249e+00	0.000000e+00
5.83387900000e+03	7.483979e+00	0.000000e+00
5.88453500000e+03	7.548491e+00	0.000000e+00
5.93563000000e+03	7.614121e+00	0.000000e+00
5.98716900000e+03	7.680209e+00	0.000000e+00
6.03915600000e+03	7.746379e+00	0.000000e+00
6.09159300000e+03	7.813631e+00	0.000000e+00
6.14448700000e+03	7.881454e+00	0.000000e+00
6.19783900000e+03	7.949659e+00	0.000000e+00
6.25165500000e+03	8.018434e+00	0.000000e+00
6.30593800000e+03	8.087873e+00	0.000000e+00
6.36069200000e+03	8.159019e+00	0.000000e+00
6.41592200000e+03	8.229057e+00	0.000000e+00
6.47163100000e+03	8.300296e+00	0.000000e+00
6.52782400000e+03	8.372188e+00	0.000000e+00
6.58450500000e+03	8.445163e+00	0.000000e+00
6.64167800000e+03	8.518156e+00	0.000000e+00
6.69934800000e+03	8.591426e+00	0.000000e+00
6.75751800000e+03	8.666634e+00	0.000000e+00
6.81619400000e+03	8.742015e+00	0.000000e+00
6.87537900000e+03	8.818074e+00	0.000000e+00
6.93507700000e+03	8.893858e+00	0.000000e+00
6.99529500000e+03	8.970797e+00	0.000000e+00
7.05603500000e+03	9.048508e+00	0.000000e+00
7.11730200000e+03	9.127226e+00	0.000000e+00
7.17910100000e+03	9.206822e+00	0.000000e+00
7.24143700000e+03	9.286265e+00	0.000000e+00
7.30431500000e+03	9.366755e+00	0.000000e+00
7.36773800000e+03	9.447601e+00	0.000000e+00
7.43171200000e+03	9.530066e+00	0.000000e+00
7.49624100000e+03	9.612943e+00	0.000000e+00
7.56133100000e+03	9.695651e+00	0.000000e+00
7.62698600000e+03	9.779543e+00	0.000000e+00
7.69321100000e+03	9.864780e+00	0.000000e+00
7.76001100000e+03	9.950162e+00	0.000000e+00
7.82739100000e+03	1.003630e+01	0.000000e+00
7.89535600000e+03	1.012421e+01	0.000000e+00
7.96391100000e+03	1.021107e+01	0.000000e+00
8.03306200000e+03	1.030040e+01	0.000000e+00
8.10281300000e+03	1.038857e+01	0.000000e+00
8.17316900000e+03	1.047969e+01	0.000000e+00
8.24413700000e+03	1.057014e+01	0.000000e+00
8.31572000000e+03	1.066186e+01	0.000000e+00
8.38792600000e+03	1.075406e+01	0.000000e+00
8.46075800000e+03	1.084707e+01	0.000000e+00
8.53422200000e+03	1.094134e+01	0.000000e+00
8.60832500000e+03	1.103564e+01	0.000000e+00
8.68307100000e+03	1.113150e+01	0.000000e+00
8.75846600000e+03	1.122835e+01	0.000000e+00
8.83451500000e+03	1.132571e+01	0.000000e+00
8.91122500000e+03	1.142359e+01	0.000000e+00
8.98860100000e+03	1.152172e+01	0.000000e+00
9.06664900000e+03	1.162206e+01	0.000000e+00
9.14537500000e+03	1.172214e+01	0.000000e+00
9.22478400000e+03	1.182332e+01	0.000000e+00
9.30488200000e+03	1.192685e+01	0.000000e+00
9.38567700000e+03	1.203073e+01	0.000000e+00
9.46717200000e+03	1.213437e+01	0.000000e+00
9.54937500000e+03	1.223926e+01	0.000000e+00
9.63229200000e+03	1.234592e+01	0.000000e+00
9.71593000000e+03	1.245179e+01	0.000000e+00
9.80029300000e+03	1.255971e+01	0.000000e+00
9.88538900000e+03	1.266848e+01	0.000000e+00
9.97122300000e+03	1.277945e+01	0.000000e+00
1.00578030000e+04	1.289040e+01	0.000000e+00
1.01451350000e+04	1.300094e+01	0.000000e+00
1.02332250000e+04	1.311481e+01	0.000000e+00
1.03220800000e+04	1.322792e+01	0.000000e+00
1.04117060000e+04	1.334247e+01	0.000000e+00
1.05021110000e+04	1.345937e+01	0.000000e+00
1.05933000000e+04	1.357606e+01	0.000000e+00
1.06852820000e+04	1.369368e+01	0.000000e+00
1.07780620000e+04	1.381162e+01	0.000000e+00
1.08716480000e+04	1.393205e+01	0.000000e+00
1.09660460000e+04	1.405196e+01	0.000000e+00
1.10612640000e+04	1.417520e+01	0.000000e+00
1.11573090000e+04	1.429771e+01	0.000000e+00
1.12541870000e+04	1.442074e+01	0.000000e+00
1.13519070000e+04	1.454735e+01	0.000000e+00
1.14504760000e+04	1.467421e+01	0.000000e+00
1.15499000000e+04	1.480099e+01	0.000000e+00
1.16501880000e+04	1.492899e+01	0.000000e+00
1.17513460000e+04	1.506005e+01	0.000000e+00
1.18533830000e+04	1.518885e+01	0.000000e+00
1.19563050000e+04	1.531978e+01	0.000000e+00
1.20601220000e+04	1.545286e+01	0.000000e+00
1.21648390000e+04	1.558707e+01	0.000000e+00
1.22704670000e+04	1.572251e+01	0.000000e+00
1.23770110000e+04	1.586025e+01	0.000000e+00
1.24844800000e+04	1.599627e+01	0.000000e+00
1.25928830000e+04	1.613681e+01	0.000000e+00
1.27022260000e+04	1.627618e+01	0.000000e+00
1.28125200000e+04	1.641720e+01	0.000000e+00
1.29237700000e+04	1.656025e+01	0.000000e+00
1.30359870000e+04	1.670241e+01	0.000000e+00
1.31491790000e+04	1.684803e+01	0.000000e+00
1.32633530000e+04	1.699500e+01	0.000000e+00
1.33785180000e+04	1.714062e+01	0.000000e+00
1.34946840000e+04	1.728966e+01	0.000000e+00
1.36118580000e+04	1.743929e+01	0.000000e+00
1.37300490000e+04	1.758984e+01	0.000000e+00
1.38492670000e+04	1.774379e+01	0.000000e+00
1.39695200000e+04	1.789762e+01	0.000000e+00
1.40908170000e+04	1.805253e+01	0.000000e+00
1.42131670000e+04	1.820922e+01	0.000000e+00
1.43365800000e+04	1.836513e+01	0.000000e+00
1.44610640000e+04	1.852697e+01	0.000000e+00
1.45866290000e+04	1.868899e+01	0.000000e+00
1.47132850000e+04	1.885020e+01	0.000000e+00
1.48410400000e+04	1.901309e+01	0.000000e+00
1.49699040000e+04	1.917938e+01	0.000000e+00
1.50998880000e+04	1.934477e+01	0.000000e+00
1.52310000000e+04	1.951473e+01	0.000000e+00
1.53632500000e+04	1.968172e+01	0.000000e+00
1.54966490000e+04	1.985264e+01	0.000000e+00
1.56312060000e+04	2.002735e+01	0.000000e+00
1.57669320000e+04	2.019863e+01	0.000000e+00
1.59038360000e+04	2.037264e+01	0.000000e+00
1.60419280000e+04	2.055023e+01	0.000000e+00
1.61812200000e+04	2.072853e+01	0.000000e+00
1.63217210000e+04	2.090869e+01	0.000000e+00
1.64634420000e+04	2.109022e+01	0.000000e+00
1.66063940000e+04	2.127337e+01	0.000000e+00
1.67505870000e+04	2.145765e+01	0.000000e+00
1.68960320000e+04	2.164441e+01	0.000000e+00
1.70427400000e+04	2.183163e+01	0.000000e+00
1.71907220000e+04	2.202028e+01	0.000000e+00
1.73399890000e+04	2.221165e+01	0.000000e+00
1.74905520000e+04	2.240666e+01	0.000000e+00
1.76424220000e+04	2.260027e+01	0.000000e+00
1.77956100000e+04	2.279533e+01	0.000000e+00
1.79501290000e+04	2.299391e+01	0.000000e+00
1.81059900000e+04	2.319125e+01	0.000000e+00
1.82632040000e+04	2.339442e+01	0.000000e+00
1.84217830000e+04	2.359703e+01	0.000000e+00
1.85817390000e+04	2.380157e+01	0.000000e+00
1.87430840000e+04	2.400899e+01	0.000000e+00
1.89058300000e+04	2.421861e+01	0.000000e+00
1.90699890000e+04	2.442764e+01	0.000000e+00
1.92355730000e+04	2.463941e+01	0.000000e+00
1.94025950000e+04	2.485279e+01	0.000000e+00
1.95710680000e+04	2.506912e+01	0.000000e+00
1.97410030000e+04	2.528503e+01	0.000000e+00
1.99124140000e+04	2.550438e+01	0.000000e+00
2.00853130000e+04	2.572598e+01	0.000000e+00
2.02597130000e+04	2.594899e+01	0.000000e+00
2.04356280000e+04	2.617534e+01	0.000000e+00
2.06130700000e+04	2.640231e+01	0.000000e+00
2.07920530000e+04	2.663147e+01	0.000000e+00
2.09725900000e+04	2.686273e+01	0.000000e+00
2.11546950000e+04	2.709710e+01	0.000000e+00
2.13383800000e+04	2.733174e+01	0.000000e+00
2.15236610000e+04	2.756884e+01	0.000000e+00
2.17105510000e+04	2.780801e+01	0.000000e+00
2.18990630000e+04	2.804917e+01	0.000000e+00
2.20892120000e+04	2.829528e+01	0.000000e+00
2.22810120000e+04	2.854011e+01	0.000000e+00
2.24744780000e+04	2.878630e+01	0.000000e+00
2.26696230000e+04	2.903901e+01	0.000000e+00
2.28664630000e+04	2.928951e+01	0.000000e+00
2.30650120000e+04	2.954589e+01	0.000000e+00
2.32652850000e+04	2.980055e+01	0.000000e+00
2.34672970000e+04	3.005816e+01	0.000000e+00
2.36710640000e+04	3.032053e+01	0.000000e+00
2.38765990000e+04	3.058162e+01	0.000000e+00
2.40839190000e+04	3.084970e+01	0.000000e+00
2.42930390000e+04	3.111514e+01	0.000000e+00
2.45039750000e+04	3.138595e+01	0.000000e+00
2.47167430000e+04	3.165722e+01	0.000000e+00
2.49313580000e+04	3.193234e+01	0.000000e+00
2.51478360000e+04	3.220997e+01	0.000000e+00
2.53661950000e+04	3.248826e+01	0.000000e+00
2.55864490000e+04	3.277315e+01	0.000000e+00
2.58086150000e+04	3.305566e+01	0.000000e+00
2.60327110000e+04	3.334389e+01	0.000000e+00
2.62587530000e+04	3.363074e+01	0.000000e+00
2.64867570000e+04	3.392184e+01	0.000000e+00
2.67167410000e+04	3.421919e+01	0.000000e+00
2.69487220000e+04	3.451558e+01	0.000000e+00
2.71827170000e+04	3.481338e+01	0.000000e+00
2.74187440000e+04	3.511650e+01	0.000000e+00
2.76568210000e+04	3.542213e+01	0.000000e+00
2.78969640000e+04	3.572901e+01	0.000000e+00
2.81391930000e+04	3.603894e+01	0.000000e+00
2.83835250000e+04	3.635324e+01	0.000000e+00
2.86299790000e+04	3.666798e+01	0.000000e+00
2.88785720000e+04	3.698615e+01	0.000000e+00
2.91293240000e+04	3.730592e+01	0.000000e+00
2.93822540000e+04	3.763055e+01	0.000000e+00
2.96373790000e+04	3.795921e+01	0.000000e+00
2.98947200000e+04	3.828718e+01	0.000000e+00
3.01542960000e+04	3.861911e+01	0.000000e+00
3.04161250000e+04	3.895228e+01	0.000000e+00
3.06802270000e+04	3.929404e+01	0.000000e+00
3.09466230000e+04	3.963578e+01	0.000000e+00
3.12153320000e+04	3.997918e+01	0.000000e+00
3.14863740000e+04	4.032422e+01	0.000000e+00
3.17597700000e+04	4.067661e+01	0.000000e+00
3.20355390000e+04	4.102941e+01	0.000000e+00
3.23137030000e+04	4.138589e+01	0.000000e+00
3.25942830000e+04	4.174615e+01	0.000000e+00
3.28772980000e+04	4.210884e+01	0.000000e+00
3.31627710000e+04	4.247422e+01	0.000000e+00
3.34507230000e+04	4.284289e+01	0.000000e+00
3.37411750000e+04	4.321642e+01	0.000000e+00
3.40341490000e+04	4.358959e+01	0.000000e+00
3.43296670000e+04	4.396857e+01	0.000000e+00
3.46277510000e+04	4.435072e+01	0.000000e+00
3.49284230000e+04	4.473583e+01	0.000000e+00
3.52317060000e+04	4.512550e+01	0.000000e+00
3.55376220000e+04	4.551695e+01	0.000000e+00
3.58461940000e+04	4.591076e+01	0.000000e+00
3.61574460000e+04	4.631160e+01	0.000000e+00
3.64714010000e+04	4.671375e+01	0.000000e+00
3.67880810000e+04	4.711542e+01	0.000000e+00
3.71075110000e+04	4.752683e+01	0.000000e+00
3.74297150000e+04	4.794061e+01	0.000000e+00
3.77547170000e+04	4.835557e+01	0.000000e+00
3.80825400000e+04	4.877570e+01	0.000000e+00
3.84132100000e+04	4.919984e+01	0.000000e+00
3.87467510000e+04	4.962423e+01	0.000000e+00
3.90831890000e+04	5.005745e+01	0.000000e+00
3.94225470000e+04	5.049160e+01	0.000000e+00
3.97648520000e+04	5.093167e+01	0.000000e+00
4.01101300000e+04	5.137273e+01	0.000000e+00
4.04584050000e+04	5.181879e+01	0.000000e+00
4.08097050000e+04	5.226990e+01	0.000000e+00
4.11640550000e+04	5.272473e+01	0.000000e+00
4.15214820000e+04	5.318428e+01	0.000000e+00
4.18820120000e+04	5.364658e+01	0.000000e+00
4.22456720000e+04	5.411084e+01	0.000000e+00
4.26124910000e+04	5.457808e+01	0.000000e+00
4.29824940000e+04	5.505540e+01	0.000000e+00
4.33557110000e+04	5.553379e+01	0.000000e+00
4.37321670000e+04	5.601612e+01	0.000000e+00
4.41118930000e+04	5.650229e+01	0.000000e+00
4.44949160000e+04	5.699516e+01	0.000000e+00
4.48812640000e+04	5.748724e+01	0.000000e+00
4.52709670000e+04	5.798904e+01	0.000000e+00
4.56640540000e+04	5.849240e+01	0.000000e+00
4.60605540000e+04	5.900247e+01	0.000000e+00
4.64604970000e+04	5.951247e+01	0.000000e+00
4.68639130000e+04	6.002879e+01	0.000000e+00
4.72708310000e+04	6.054919e+01	0.000000e+00
4.76812830000e+04	6.107864e+01	0.000000e+00
4.80952990000e+04	6.160951e+01	0.000000e+00
4.85129090000e+04	6.214721e+01	0.000000e+00
4.89341460000e+04	6.268539e+01	0.000000e+00
4.93590400000e+04	6.323175e+01	0.000000e+00
4.97876240000e+04	6.378286e+01	0.000000e+00
5.02199290000e+04	6.433284e+01	0.000000e+00
5.06559880000e+04	6.489628e+01	0.000000e+00
5.10958330000e+04	6.545890e+01	0.000000e+00
5.15394970000e+04	6.602761e+01	0.000000e+00
5.19870130000e+04	6.660085e+01	0.000000e+00
5.24384160000e+04	6.718477e+01	0.000000e+00
5.28937370000e+04	6.777116e+01	0.000000e+00
5.33530130000e+04	6.835203e+01	0.000000e+00
5.38162760000e+04	6.894917e+01	0.000000e+00
5.42835620000e+04	6.955082e+01	0.000000e+00
5.47549050000e+04	7.015268e+01	0.000000e+00
5.52303410000e+04	7.076762e+01	0.000000e+00
5.57099050000e+04	7.138049e+01	0.000000e+00
5.61936330000e+04	7.199911e+01	0.000000e+00
5.66815610000e+04	7.262537e+01	0.000000e+00
5.71737260000e+04	7.326186e+01	0.000000e+00
5.76701640000e+04	7.389089e+01	0.000000e+00
5.81709130000e+04	7.453493e+01	0.000000e+00
5.86760100000e+04	7.518980e+01	0.000000e+00
5.91854930000e+04	7.584361e+01	0.000000e+00
5.96993990000e+04	7.650167e+01	0.000000e+00
6.02177680000e+04	7.716759e+01	0.000000e+00
6.07406380000e+04	7.783395e+01	0.000000e+00
6.12680480000e+04	7.851245e+01	0.000000e+00
6.18000370000e+04	7.919487e+01	0.000000e+00
6.23366460000e+04	7.988708e+01	0.000000e+00
6.28779140000e+04	8.058044e+01	0.000000e+00
6.34238810000e+04	8.128359e+01	0.000000e+00
6.39745900000e+04	8.199246e+01	0.000000e+00
6.45300800000e+04	8.270390e+01	0.000000e+00
6.50903930000e+04	8.343026e+01	0.000000e+00
6.56555720000e+04	8.415058e+01	0.000000e+00
6.62256580000e+04	8.488070e+01	0.000000e+00
6.68006940000e+04	8.562079e+01	0.000000e+00
6.73807230000e+04	8.636712e+01	0.000000e+00
6.79657890000e+04	8.711980e+01	0.000000e+00
6.85559350000e+04	8.787717e+01	0.000000e+00
6.91512050000e+04	8.864407e+01	0.000000e+00
6.97516430000e+04	8.941728e+01	0.000000e+00
7.03572950000e+04	9.019405e+01	0.000000e+00
7.09682060000e+04	9.097615e+01	0.000000e+00
7.15844220000e+04	9.177363e+01	0.000000e+00
7.22059880000e+04	9.257431e+01	0.000000e+00
7.28329520000e+04	9.337823e+01	0.000000e+00
7.34653590000e+04	9.419143e+01	0.000000e+00
7.41032570000e+04	9.501393e+01	0.000000e+00
7.47466940000e+04	9.584252e+01	0.000000e+00
7.53957180000e+04	9.667770e+01	0.000000e+00
7.60503780000e+04	9.751874e+01	0.000000e+00
7.67107220000e+04	9.836826e+01	0.000000e+00
7.73768000000e+04	9.922785e+01	0.000000e+00
7.80486610000e+04	1.000904e+02	0.000000e+00
7.87263560000e+04	1.009648e+02	0.000000e+00
7.94099360000e+04	1.018432e+02	0.000000e+00
8.00994510000e+04	1.027252e+02	0.000000e+00
8.07949530000e+04	1.036261e+02	0.000000e+00
8.14964940000e+04	1.045307e+02	0.000000e+00
8.22041260000e+04	1.054396e+02	0.000000e+00
8.29179030000e+04	1.063612e+02	0.000000e+00
8.36378780000e+04	1.072924e+02	0.000000e+00
8.43641040000e+04	1.082264e+02	0.000000e+00
8.50966360000e+04	1.091699e+02	0.000000e+00
8.58355280000e+04	1.101243e+02	0.000000e+00
8.65808360000e+04	1.110834e+02	0.000000e+00
8.73326160000e+04	1.120518e+02	0.000000e+00
8.80909240000e+04	1.130304e+02	0.000000e+00
8.88558160000e+04	1.140163e+02	0.000000e+00
8.96273490000e+04	1.150104e+02	0.000000e+00
9.04055820000e+04	1.160167e+02	0.000000e+00
9.11905710000e+04	1.170338e+02	0.000000e+00
9.19823780000e+04	1.180567e+02	0.000000e+00
9.27810590000e+04	1.190820e+02	0.000000e+00
9.35866750000e+04	1.201232e+02	0.000000e+00
9.43992860000e+04	1.211779e+02	0.000000e+00
9.52189540000e+04	1.222376e+02	0.000000e+00
9.60457380000e+04	1.233137e+02	0.000000e+00
9.68797010000e+04	1.243939e+02	0.000000e+00
9.77209060000e+04	1.254794e+02	0.000000e+00
9.85694150000e+04	1.265779e+02	0.000000e+00
9.94252910000e+04	1.276807e+02	0.000000e+00
1.00288599000e+05	1.287986e+02	0.000000e+00
1.01159403000e+05	1.299235e+02	0.000000e+00
1.02037768000e+05	1.310569e+02	0.000000e+00
1.02923760000e+05	1.322123e+02	0.000000e+00
1.03817445000e+05	1.333586e+02	0.000000e+00
1.04718890000e+05	1.345273e+02	0.000000e+00
1.05628162000e+05	1.357065e+02	0.000000e+00
1.06545330000e+05	1.368962e+02	0.000000e+00
1.07470461000e+05	1.380918e+02	0.000000e+00
1.08403625000e+05	1.393060e+02	0.000000e+00
1.09344892000e+05	1.405257e+02	0.000000e+00
1.10294331000e+05	1.417527e+02	0.000000e+00
1.11252015000e+05	1.429951e+02	0.000000e+00
1.12218014000e+05	1.442462e+02	0.000000e+00
1.13192401000e+05	1.455101e+02	0.000000e+00
1.14175248000e+05	1.467929e+02	0.000000e+00
1.15166630000e+05	1.480757e+02	0.000000e+00
1.16166620000e+05	1.493729e+02	0.000000e+00
1.17175292000e+05	1.506860e+02	0.000000e+00
1.18192723000e+05	1.520050e+02	0.000000e+00
1.19218988000e+05	1.533384e+02	0.000000e+00
1.20254164000e+05	1.546831e+02	0.000000e+00
1.21298329000e+05	1.560482e+02	0.000000e+00
1.22351560000e+05	1.574178e+02	0.000000e+00
1.23413937000e+05	1.588007e+02	0.000000e+00
1.24485537000e+05	1.601921e+02	0.000000e+00
1.25566443000e+05	1.615973e+02	0.000000e+00
1.26656734000e+05	1.630115e+02	0.000000e+00
1.27756492000e+05	1.644484e+02	0.000000e+00
1.28865799000e+05	1.658962e+02	0.000000e+00
1.29984739000e+05	1.673589e+02	0.000000e+00
1.31113394000e+05	1.688366e+02	0.000000e+00
1.32251849000e+05	1.703190e+02	0.000000e+00
1.33400189000e+05	1.718226e+02	0.000000e+00
1.34558501000e+05	1.733326e+02	0.000000e+00
1.35726869000e+05	1.748582e+02	0.000000e+00
1.36905383000e+05	1.764012e+02	0.000000e+00
1.38094130000e+05	1.779534e+02	0.000000e+00
1.39293199000e+05	1.795160e+02	0.000000e+00
1.40502679000e+05	1.811025e+02	0.000000e+00
1.41722661000e+05	1.826979e+02	0.000000e+00
1.42953237000e+05	1.843152e+02	0.000000e+00
1.44194497000e+05	1.859364e+02	0.000000e+00
1.45446535000e+05	1.875810e+02	0.000000e+00
1.46709444000e+05	1.892384e+02	0.000000e+00
1.47983320000e+05	1.909095e+02	0.000000e+00
1.49268256000e+05	1.926007e+02	0.000000e+00
1.50564350000e+05	1.942924e+02	0.000000e+00
1.51871697000e+05	1.960213e+02	0.000000e+00
1.53190396000e+05	1.977513e+02	0.000000e+00
1.54520546000e+05	1.995046e+02	0.000000e+00
1.55862245000e+05	2.012588e+02	0.000000e+00
1.57215593000e+05	2.030479e+02	0.000000e+00
1.58580694000e+05	2.048528e+02	0.000000e+00
1.59957647000e+05	2.066682e+02	0.000000e+00
1.61346556000e+05	2.084801e+02	0.000000e+00
1.62747525000e+05	2.103437e+02	0.000000e+00
1.64160659000e+05	2.122008e+02	0.000000e+00
1.65586063000e+05	2.140839e+02	0.000000e+00
1.67023843000e+05	2.159812e+02	0.000000e+00
1.68474108000e+05	2.178960e+02	0.000000e+00
1.69936966000e+05	2.198344e+02	0.000000e+00
1.71412525000e+05	2.217822e+02	0.000000e+00
1.72900897000e+05	2.237643e+02	0.000000e+00
1.74402192000e+05	2.257406e+02	0.000000e+00
1.75916523000e+05	2.277654e+02	0.000000e+00
1.77444003000e+05	2.297836e+02	0.000000e+00
1.78984746000e+05	2.318305e+02	0.000000e+00
1.80538867000e+05	2.338965e+02	0.000000e+00
1.82106483000e+05	2.359856e+02	0.000000e+00
1.83687710000e+05	2.380804e+02	0.000000e+00
1.85282667000e+05	2.402064e+02	0.000000e+00
1.86891473000e+05	2.423639e+02	0.000000e+00
1.88514248000e+05	2.445196e+02	0.000000e+00
1.90151114000e+05	2.467066e+02	0.000000e+00
1.91802192000e+05	2.489014e+02	0.000000e+00
1.93467607000e+05	2.511439e+02	0.000000e+00
1.95147483000e+05	2.533828e+02	0.000000e+00
1.96841945000e+05	2.556460e+02	0.000000e+00
1.98551120000e+05	2.579478e+02	0.000000e+00
2.00275135000e+05	2.602300e+02	0.000000e+00
2.02014121000e+05	2.625689e+02	0.000000e+00
2.03768205000e+05	2.649374e+02	0.000000e+00
2.05537521000e+05	2.673091e+02	0.000000e+00
2.07322199000e+05	2.697113e+02	0.000000e+00
2.09122374000e+05	2.721335e+02	0.000000e+00
2.10938180000e+05	2.745800e+02	0.000000e+00
2.12769752000e+05	2.770616e+02	0.000000e+00
2.14617228000e+05	2.795435e+02	0.000000e+00
2.16480745000e+05	2.820615e+02	0.000000e+00
2.18360443000e+05	2.846228e+02	0.000000e+00
2.20256463000e+05	2.871922e+02	0.000000e+00
2.22168946000e+05	2.897729e+02	0.000000e+00
2.24098035000e+05	2.923901e+02	0.000000e+00
2.26043874000e+05	2.950402e+02	0.000000e+00
2.28006608000e+05	2.976999e+02	0.000000e+00
2.29986385000e+05	3.003986e+02	0.000000e+00
2.31983353000e+05	3.031255e+02	0.000000e+00
2.33997660000e+05	3.058787e+02	0.000000e+00
2.36029457000e+05	3.086481e+02	0.000000e+00
2.38078897000e+05	3.114514e+02	0.000000e+00
2.40146131000e+05	3.142868e+02	0.000000e+00
2.42231316000e+05	3.171354e+02	0.000000e+00
2.44334606000e+05	3.200379e+02	0.000000e+00
2.46456158000e+05	3.229249e+02	0.000000e+00
2.48596133000e+05	3.258942e+02	0.000000e+00
2.50754688000e+05	3.289203e+02	0.000000e+00
2.52931986000e+05	3.319106e+02	0.000000e+00
2.55128190000e+05	3.349381e+02	0.000000e+00
2.57343463000e+05	3.379929e+02	0.000000e+00
2.59577972000e+05	3.410862e+02	0.000000e+00
2.61831882000e+05	3.442246e+02	0.000000e+00
2.64105364000e+05	3.473799e+02	0.000000e+00
2.66398586000e+05	3.505609e+02	0.000000e+00
2.68711720000e+05	3.537975e+02	0.000000e+00
2.71044938000e+05	3.570499e+02	0.000000e+00
2.73398417000e+05	3.603395e+02	0.000000e+00
2.75772330000e+05	3.636751e+02	0.000000e+00
2.78166856000e+05	3.670354e+02	0.000000e+00
2.80582173000e+05	3.704508e+02	0.000000e+00
2.83018463000e+05	3.738557e+02	0.000000e+00
2.85475907000e+05	3.773044e+02	0.000000e+00
2.87954689000e+05	3.807911e+02	0.000000e+00
2.90454994000e+05	3.843315e+02	0.000000e+00
2.92977010000e+05	3.879074e+02	0.000000e+00
2.95520924000e+05	3.915090e+02	0.000000e+00
2.98086926000e+05	3.951450e+02	0.000000e+00
3.00675209000e+05	3.988721e+02	0.000000e+00
3.03285967000e+05	4.026040e+02	0.000000e+00
3.05919393000e+05	4.063613e+02	0.000000e+00
3.08575685000e+05	4.101516e+02	0.000000e+00
3.11255042000e+05	4.139983e+02	0.000000e+00
3.13957664000e+05	4.178729e+02	0.000000e+00
3.16683752000e+05	4.218103e+02	0.000000e+00
3.19433511000e+05	4.257711e+02	0.000000e+00
3.22207147000e+05	4.297871e+02	0.000000e+00
3.25004865000e+05	4.338263e+02	0.000000e+00
3.27826876000e+05	4.379479e+02	0.000000e+00
3.30673391000e+05	4.420781e+02	0.000000e+00
3.33544622000e+05	4.462879e+02	0.000000e+00
3.36440784000e+05	4.506050e+02	0.000000e+00
3.39362093000e+05	4.548975e+02	0.000000e+00
3.42308767000e+05	4.592361e+02	0.000000e+00
3.45281028000e+05	4.636863e+02	0.000000e+00
3.48279097000e+05	4.681333e+02	0.000000e+00
3.51303197000e+05	4.726311e+02	0.000000e+00
3.54353557000e+05	4.771245e+02	0.000000e+00
3.57430402000e+05	4.817379e+02	0.000000e+00
3.60533963000e+05	4.863532e+02	0.000000e+00
3.63664473000e+05	4.910259e+02	0.000000e+00
3.66822165000e+05	4.958039e+02	0.000000e+00
3.70007275000e+05	5.006051e+02	0.000000e+00
3.73220041000e+05	5.054896e+02	0.000000e+00
3.76460704000e+05	5.104199e+02	0.000000e+00
3.79729505000e+05	5.153959e+02	0.000000e+00
3.83026689000e+05	5.204275e+02	0.000000e+00
3.86352503000e+05	5.255127e+02	0.000000e+00
3.89707194000e+05	5.306472e+02	0.000000e+00
3.93091014000e+05	5.358806e+02	0.000000e+00
3.96504216000e+05	5.411572e+02	0.000000e+00
3.99947055000e+05	5.464991e+02	0.000000e+00
4.03419788000e+05	5.519161e+02	0.000000e+00
4.06922674000e+05	5.573772e+02	0.000000e+00
4.10455976000e+05	5.629261e+02	0.000000e+00
4.14019958000e+05	5.685172e+02	0.000000e+00
4.17614885000e+05	5.742100e+02	0.000000e+00
4.21241027000e+05	5.799589e+02	0.000000e+00
4.24898655000e+05	5.857783e+02	0.000000e+00
4.28588042000e+05	5.916525e+02	0.000000e+00
4.32309464000e+05	5.976225e+02	0.000000e+00
4.36063199000e+05	6.036709e+02	0.000000e+00
4.39849528000e+05	6.097982e+02	0.000000e+00
4.43668733000e+05	6.159934e+02	0.000000e+00
4.47521100000e+05	6.222667e+02	0.000000e+00
4.51406918000e+05	6.286266e+02	0.000000e+00
4.55326476000e+05	6.350312e+02	0.000000e+00
4.59280067000e+05	6.415692e+02	0.000000e+00
4.63267987000e+05	6.481662e+02	0.000000e+00
4.67290534000e+05	6.548881e+02	0.000000e+00
4.71348009000e+05	6.616793e+02	0.000000e+00
4.75440715000e+05	6.686046e+02	0.000000e+00
4.79568958000e+05	6.755498e+02	0.000000e+00
4.83733046000e+05	6.826323e+02	0.000000e+00
4.87933291000e+05	6.897700e+02	0.000000e+00
4.92170007000e+05	6.970892e+02	0.000000e+00
4.96443510000e+05	7.044479e+02	0.000000e+00
5.00754119000e+05	7.119446e+02	0.000000e+00
5.05102158000e+05	7.195299e+02	0.000000e+00
5.09487951000e+05	7.272264e+02	0.000000e+00
5.13911825000e+05	7.350407e+02	0.000000e+00
5.18374112000e+05	7.429319e+02	0.000000e+00
5.22875144000e+05	7.509825e+02	0.000000e+00
5.27415259000e+05	7.591741e+02	0.000000e+00
5.31994796000e+05	7.674305e+02	0.000000e+00
5.36614097000e+05	7.758354e+02	0.000000e+00
5.41273507000e+05	7.844122e+02	0.000000e+00
5.45973375000e+05	7.931018e+02	0.000000e+00
5.50714052000e+05	8.019415e+02	0.000000e+00
5.55495891000e+05	8.108189e+02	0.000000e+00
5.60319252000e+05	8.199365e+02	0.000000e+00
5.65184493000e+05	8.291395e+02	0.000000e+00
5.70091980000e+05	8.384909e+02	0.000000e+00
5.75042078000e+05	8.479819e+02	0.000000e+00
5.80035157000e+05	8.576161e+02	0.000000e+00
5.85071592000e+05	8.674075e+02	0.000000e+00
5.90151757000e+05	8.773347e+02	0.000000e+00
5.95276034000e+05	8.874761e+02	0.000000e+00
6.00444805000e+05	8.977862e+02	0.000000e+00
6.05658456000e+05	9.083378e+02	0.000000e+00
6.10917377000e+05	9.190385e+02	0.000000e+00
6.16221961000e+05	9.298939e+02	0.000000e+00
6.21572604000e+05	9.409604e+02	0.000000e+00
6.26969708000e+05	9.523317e+02	0.000000e+00
6.32413674000e+05	9.637029e+02	0.000000e+00
6.37904910000e+05	9.752977e+02	0.000000e+00
6.43443826000e+05	9.870635e+02	0.000000e+00
6.49030837000e+05	9.994902e+02	0.000000e+00
6.54666360000e+05	1.011867e+03	0.000000e+00
6.60350815000e+05	1.024268e+03	0.000000e+00
6.66084629000e+05	1.037185e+03	0.000000e+00
6.71868229000e+05	1.050220e+03	0.000000e+00
6.77702049000e+05	1.063406e+03	0.000000e+00
6.83586523000e+05	1.076842e+03	0.000000e+00
6.89522092000e+05	1.090522e+03	0.000000e+00
6.95509199000e+05	1.104498e+03	0.000000e+00
7.01548293000e+05	1.118739e+03	0.000000e+00
7.07639823000e+05	1.133312e+03	0.000000e+00
7.13784247000e+05	1.148165e+03	0.000000e+00
7.19982022000e+05	1.163315e+03	0.000000e+00
7.26233612000e+05	1.178836e+03	0.000000e+00
7.32539485000e+05	1.194575e+03	0.000000e+00
7.38900112000e+05	1.210702e+03	0.000000e+00
7.45315967000e+05	1.227156e+03	0.000000e+00
7.51787532000e+05	1.243967e+03	0.000000e+00
7.58315289000e+05	1.261175e+03	0.000000e+00
7.64899726000e+05	1.278739e+03	0.000000e+00
7.71541336000e+05	1.296757e+03	0.000000e+00
7.78240615000e+05	1.315177e+03	0.000000e+00
7.84998064000e+05	1.333995e+03	0.000000e+00
7.91814188000e+05	1.353321e+03	0.000000e+00
7.98689495000e+05	1.373087e+03	0.000000e+00
8.05624501000e+05	1.393353e+03	0.000000e+00
8.12619724000e+05	1.414171e+03	0.000000e+00
8.19675686000e+05	1.435450e+03	0.000000e+00
8.26792914000e+05	1.457315e+03	0.000000e+00
8.33971942000e+05	1.479740e+03	0.000000e+00
8.41213304000e+05	1.502775e+03	0.000000e+00
8.48517544000e+05	1.526404e+03	0.000000e+00
8.55885206000e+05	1.550715e+03	0.000000e+00
8.63316841000e+05	1.575554e+03	0.000000e+00
8.70813005000e+05	1.601141e+03	0.000000e+00
8.78374258000e+05	1.627334e+03	0.000000e+00
8.86001165000e+05	1.654008e+03	0.000000e+00
8.93694296000e+05	1.681177e+03	0.000000e+00
9.01454227000e+05	1.708425e+03	0.000000e+00
9.09281537000e+05	1.735444e+03	0.000000e+00
9.17176812000e+05	1.766207e+03	0.000000e+00
9.25140641000e+05	1.797619e+03	0.000000e+00
9.33173620000e+05	1.830013e+03	0.000000e+00
9.41276349000e+05	1.863562e+03	0.000000e+00
9.49449434000e+05	1.898321e+03	0.000000e+00
9.57693485000e+05	1.935054e+03	0.000000e+00
9.66009120000e+05	1.972352e+03	0.000000e+00
9.74396959000e+05	2.010031e+03	0.000000e+00
9.82857630000e+05	2.049418e+03	0.000000e+00
9.91391764000e+05	2.090401e+03	0.000000e+00
1.00000000000e+06	2.132780e+03	0.000000e+00


"TRACE: B"
"FORMAT: LINEAR"

"Frequency"	"Data Trace Real"	"Data Trace Imag"
1.00000000000e+03	7.585065e+01	0.000000e+00
1.00868300000e+03	7.596450e+01	0.000000e+00
1.01744100000e+03	7.608051e+01	0.000000e+00
1.02627600000e+03	7.619366e+01	0.000000e+00
1.03518700000e+03	7.630847e+01	0.000000e+00
1.04417500000e+03	7.642200e+01	0.000000e+00
1.05324200000e+03	7.655450e+01	0.000000e+00
1.06238700000e+03	7.663366e+01	0.000000e+00
1.07161200000e+03	7.673853e+01	0.000000e+00
1.08091700000e+03	7.686806e+01	0.000000e+00
1.09030200000e+03	7.697872e+01	0.000000e+00
1.09976900000e+03	7.708334e+01	0.000000e+00
1.10931900000e+03	7.718995e+01	0.000000e+00
1.11895100000e+03	7.729386e+01	0.000000e+00
1.12866700000e+03	7.740549e+01	0.000000e+00
1.13846700000e+03	7.751945e+01	0.000000e+00
1.14835200000e+03	7.761526e+01	0.000000e+00
1.15832300000e+03	7.771443e+01	0.000000e+00
1.16838100000e+03	7.781341e+01	0.000000e+00
1.17852600000e+03	7.792391e+01	0.000000e+00
1.18875900000e+03	7.801544e+01	0.000000e+00
1.19908100000e+03	7.812527e+01	0.000000e+00
1.20949300000e+03	7.822509e+01	0.000000e+00
1.21999500000e+03	7.832646e+01	0.000000e+00
1.23058800000e+03	7.841501e+01	0.000000e+00
1.24127300000e+03	7.851518e+01	0.000000e+00
1.25205100000e+03	7.859769e+01	0.000000e+00
1.26292300000e+03	7.871030e+01	0.000000e+00
1.27388800000e+03	7.879836e+01	0.000000e+00
1.28495000000e+03	7.890311e+01	0.000000e+00
1.29610700000e+03	7.898281e+01	0.000000e+00
1.30736100000e+03	7.908557e+01	0.000000e+00
1.31871300000e+03	7.915948e+01	0.000000e+00
1.33016300000e+03	7.925540e+01	0.000000e+00
1.34171300000e+03	7.934406e+01	0.000000e+00
1.35336300000e+03	7.943612e+01	0.000000e+00
1.36511400000e+03	7.952482e+01	0.000000e+00
1.37696700000e+03	7.960806e+01	0.000000e+00
1.38892400000e+03	7.969283e+01	0.000000e+00
1.40098400000e+03	7.978634e+01	0.000000e+00
1.41314800000e+03	7.986137e+01	0.000000e+00
1.42541900000e+03	7.995094e+01	0.000000e+00
1.43779600000e+03	8.003777e+01	0.000000e+00
1.45028000000e+03	8.012582e+01	0.000000e+00
1.46287300000e+03	8.019372e+01	0.000000e+00
1.47557500000e+03	8.028609e+01	0.000000e+00
1.48838700000e+03	8.036208e+01	0.000000e+00
1.50131100000e+03	8.044683e+01	0.000000e+00
1.51434700000e+03	8.051721e+01	0.000000e+00
1.52749600000e+03	8.059238e+01	0.000000e+00
1.54075900000e+03	8.068517e+01	0.000000e+00
1.55413700000e+03	8.077785e+01	0.000000e+00
1.56763200000e+03	8.083438e+01	0.000000e+00
1.58124300000e+03	8.090551e+01	0.000000e+00
1.59497300000e+03	8.099230e+01	0.000000e+00
1.60882300000e+03	8.106320e+01	0.000000e+00
1.62279200000e+03	8.113411e+01	0.000000e+00
1.63688300000e+03	8.121384e+01	0.000000e+00
1.65109600000e+03	8.128049e+01	0.000000e+00
1.66543200000e+03	8.135876e+01	0.000000e+00
1.67989300000e+03	8.143074e+01	0.000000e+00
1.69447900000e+03	8.151386e+01	0.000000e+00
1.70919300000e+03	8.157380e+01	0.000000e+00
1.72403300000e+03	8.164657e+01	0.000000e+00
1.73900300000e+03	8.171347e+01	0.000000e+00
1.75410300000e+03	8.178271e+01	0.000000e+00
1.76933400000e+03	8.185571e+01	0.000000e+00
1.78469700000e+03	8.192177e+01	0.000000e+00
1.80019300000e+03	8.200159e+01	0.000000e+00
1.81582400000e+03	8.206469e+01	0.000000e+00
1.83159100000e+03	8.212875e+01	0.000000e+00
1.84749500000e+03	8.219695e+01	0.000000e+00
1.86353700000e+03	8.226626e+01	0.000000e+00
1.87971800000e+03	8.233002e+01	0.000000e+00
1.89603900000e+03	8.239146e+01	0.000000e+00
1.91250200000e+03	8.245697e+01	0.000000e+00
1.92910900000e+03	8.251926e+01	0.000000e+00
1.94585900000e+03	8.257947e+01	0.000000e+00
1.96275500000e+03	8.264201e+01	0.000000e+00
1.97979800000e+03	8.270495e+01	0.000000e+00
1.99698800000e+03	8.276694e+01	0.000000e+00
2.01432800000e+03	8.283395e+01	0.000000e+00
2.03181800000e+03	8.287923e+01	0.000000e+00
2.04946000000e+03	8.295240e+01	0.000000e+00
2.06725600000e+03	8.301061e+01	0.000000e+00
2.08520600000e+03	8.307551e+01	0.000000e+00
2.10331200000e+03	8.311211e+01	0.000000e+00
2.12157500000e+03	8.317535e+01	0.000000e+00
2.13999600000e+03	8.324384e+01	0.000000e+00
2.15857800000e+03	8.328716e+01	0.000000e+00
2.17732100000e+03	8.336010e+01	0.000000e+00
2.19622600000e+03	8.340156e+01	0.000000e+00
2.21529600000e+03	8.345947e+01	0.000000e+00
2.23453200000e+03	8.352872e+01	0.000000e+00
2.25393400000e+03	8.357733e+01	0.000000e+00
2.27350500000e+03	8.362373e+01	0.000000e+00
2.29324600000e+03	8.368642e+01	0.000000e+00
2.31315800000e+03	8.374492e+01	0.000000e+00
2.33324300000e+03	8.379178e+01	0.000000e+00
2.35350200000e+03	8.385042e+01	0.000000e+00
2.37393800000e+03	8.390018e+01	0.000000e+00
2.39455100000e+03	8.394713e+01	0.000000e+00
2.41534300000e+03	8.399215e+01	0.000000e+00
2.43631500000e+03	8.404509e+01	0.000000e+00
2.45746900000e+03	8.410004e+01	0.000000e+00
2.47880800000e+03	8.415674e+01	0.000000e+00
2.50033100000e+03	8.419516e+01	0.000000e+00
2.52204100000e+03	8.424747e+01	0.000000e+00
2.54394000000e+03	8.429967e+01	0.000000e+00
2.56602900000e+03	8.435226e+01	0.000000e+00
2.58831000000e+03	8.439896e+01	0.000000e+00
2.61078400000e+03	8.444511e+01	0.000000e+00
2.63345400000e+03	8.449316e+01	0.000000e+00
2.65632000000e+03	8.453787e+01	0.000000e+00
2.67938500000e+03	8.458940e+01	0.000000e+00
2.70265000000e+03	8.463434e+01	0.000000e+00
2.72611700000e+03	8.467110e+01	0.000000e+00
2.74978700000e+03	8.472614e+01	0.000000e+00
2.77366400000e+03	8.476765e+01	0.000000e+00
2.79774700000e+03	8.481883e+01	0.000000e+00
2.82204000000e+03	8.485398e+01	0.000000e+00
2.84654400000e+03	8.490057e+01	0.000000e+00
2.87126000000e+03	8.494201e+01	0.000000e+00
2.89619200000e+03	8.497668e+01	0.000000e+00
2.92133900000e+03	8.503508e+01	0.000000e+00
2.94670500000e+03	8.507321e+01	0.000000e+00
2.97229100000e+03	8.510464e+01	0.000000e+00
2.99810000000e+03	8.515518e+01	0.000000e+00
3.02413200000e+03	8.520213e+01	0.000000e+00
3.05039100000e+03	8.523611e+01	0.000000e+00
3.07687700000e+03	8.528154e+01	0.000000e+00
3.10359300000e+03	8.531219e+01	0.000000e+00
3.13054200000e+03	8.535308e+01	0.000000e+00
3.15772400000e+03	8.539516e+01	0.000000e+00
3.18514300000e+03	8.543568e+01	0.000000e+00
3.21279900000e+03	8.547011e+01	0.000000e+00
3.24069600000e+03	8.550858e+01	0.000000e+00
3.26883500000e+03	8.554544e+01	0.000000e+00
3.29721800000e+03	8.558487e+01	0.000000e+00
3.32584800000e+03	8.561499e+01	0.000000e+00
3.35472600000e+03	8.565651e+01	0.000000e+00
3.38385500000e+03	8.569257e+01	0.000000e+00
3.41323700000e+03	8.572639e+01	0.000000e+00
3.44287400000e+03	8.575693e+01	0.000000e+00
3.47276900000e+03	8.579662e+01	0.000000e+00
3.50292300000e+03	8.583422e+01	0.000000e+00
3.53333800000e+03	8.586803e+01	0.000000e+00
3.56401800000e+03	8.589584e+01	0.000000e+00
3.59496500000e+03	8.593645e+01	0.000000e+00
3.62618000000e+03	8.597406e+01	0.000000e+00
3.65766600000e+03	8.600814e+01	0.000000e+00
3.68942500000e+03	8.603999e+01	0.000000e+00
3.72146000000e+03	8.607102e+01	0.000000e+00
3.75377400000e+03	8.611066e+01	0.000000e+00
3.78636800000e+03	8.613364e+01	0.000000e+00
3.81924500000e+03	8.617113e+01	0.000000e+00
3.85240700000e+03	8.619924e+01	0.000000e+00
3.88585700000e+03	8.623040e+01	0.000000e+00
3.91959800000e+03	8.626429e+01	0.000000e+00
3.95363200000e+03	8.629523e+01	0.000000e+00
3.98796100000e+03	8.633822e+01	0.000000e+00
4.02258900000e+03	8.635159e+01	0.000000e+00
4.05751700000e+03	8.637717e+01	0.000000e+00
4.09274800000e+03	8.641072e+01	0.000000e+00
4.12828500000e+03	8.643910e+01	0.000000e+00
4.16413100000e+03	8.646738e+01	0.000000e+00
4.20028800000e+03	8.649715e+01	0.000000e+00
4.23675900000e+03	8.652816e+01	0.000000e+00
4.27354700000e+03	8.655907e+01	0.000000e+00
4.31065400000e+03	8.658267e+01	0.000000e+00
4.34808300000e+03	8.661562e+01	0.000000e+00
4.38583800000e+03	8.664585e+01	0.000000e+00
4.42392000000e+03	8.667116e+01	0.000000e+00
4.46233300000e+03	8.669550e+01	0.000000e+00
4.50107900000e+03	8.672697e+01	0.000000e+00
4.54016200000e+03	8.675611e+01	0.000000e+00
4.57958400000e+03	8.677957e+01	0.000000e+00
4.61934800000e+03	8.680759e+01	0.000000e+00
4.65945800000e+03	8.683470e+01	0.000000e+00
4.69991600000e+03	8.686249e+01	0.000000e+00
4.74072500000e+03	8.689373e+01	0.000000e+00
4.78188900000e+03	8.691299e+01	0.000000e+00
4.82341000000e+03	8.694090e+01	0.000000e+00
4.86529200000e+03	8.696841e+01	0.000000e+00
4.90753700000e+03	8.699387e+01	0.000000e+00
4.95014900000e+03	8.701640e+01	0.000000e+00
4.99313100000e+03	8.703790e+01	0.000000e+00
5.03648600000e+03	8.706863e+01	0.000000e+00
5.08021800000e+03	8.709205e+01	0.000000e+00
5.12432900000e+03	8.711804e+01	0.000000e+00
5.16882400000e+03	8.714301e+01	0.000000e+00
5.21370500000e+03	8.716666e+01	0.000000e+00
5.25897500000e+03	8.718800e+01	0.000000e+00
5.30463900000e+03	8.721631e+01	0.000000e+00
5.35069900000e+03	8.724110e+01	0.000000e+00
5.39715900000e+03	8.726527e+01	0.000000e+00
5.44402200000e+03	8.727917e+01	0.000000e+00
5.49129300000e+03	8.730470e+01	0.000000e+00
5.53897300000e+03	8.733139e+01	0.000000e+00
5.58706800000e+03	8.735601e+01	0.000000e+00
5.63558100000e+03	8.737807e+01	0.000000e+00
5.68451400000e+03	8.739241e+01	0.000000e+00
5.73387300000e+03	8.741818e+01	0.000000e+00
5.78366000000e+03	8.743791e+01	0.000000e+00
5.83387900000e+03	8.745696e+01	0.000000e+00
5.88453500000e+03	8.748674e+01	0.000000e+00
5.93563000000e+03	8.750052e+01	0.000000e+00
5.98716900000e+03	8.752624e+01	0.000000e+00
6.03915600000e+03	8.754787e+01	0.000000e+00
6.09159300000e+03	8.757198e+01	0.000000e+00
6.14448700000e+03	8.758244e+01	0.000000e+00
6.19783900000e+03	8.760738e+01	0.000000e+00
6.25165500000e+03	8.762655e+01	0.000000e+00
6.30593800000e+03	8.764455e+01	0.000000e+00
6.36069200000e+03	8.767073e+01	0.000000e+00
6.41592200000e+03	8.769192e+01	0.000000e+00
6.47163100000e+03	8.770214e+01	0.000000e+00
6.52782400000e+03	8.772482e+01	0.000000e+00
6.58450500000e+03	8.774578e+01	0.000000e+00
6.64167800000e+03	8.776413e+01	0.000000e+00
6.69934800000e+03	8.778175e+01	0.000000e+00
6.75751800000e+03	8.779900e+01	0.000000e+00
6.81619400000e+03	8.782113e+01	0.000000e+00
6.87537900000e+03	8.784042e+01	0.000000e+00
6.93507700000e+03	8.786033e+01	0.000000e+00
6.99529500000e+03	8.787809e+01	0.000000e+00
7.05603500000e+03	8.789185e+01	0.000000e+00
7.11730200000e+03	8.791367e+01	0.000000e+00
7.17910100000e+03	8.792886e+01	0.000000e+00
7.24143700000e+03	8.794290e+01	0.000000e+00
7.30431500000e+03	8.795664e+01	0.000000e+00
7.36773800000e+03	8.798395e+01	0.000000e+00
7.43171200000e+03	8.799115e+01	0.000000e+00
7.49624100000e+03	8.800944e+01	0.000000e+00
7.56133100000e+03	8.802142e+01	0.000000e+00
7.62698600000e+03	8.804545e+01	0.000000e+00
7.69321100000e+03	8.805555e+01	0.000000e+00
7.76001100000e+03	8.808077e+01	0.000000e+00
7.82739100000e+03	8.809177e+01	0.000000e+00
7.89535600000e+03	8.811240e+01	0.000000e+00
7.96391100000e+03	8.811754e+01	0.000000e+00
8.03306200000e+03	8.813943e+01	0.000000e+00
8.10281300000e+03	8.815849e+01	0.000000e+00
8.17316900000e+03	8.817168e+01	0.000000e+00
8.24413700000e+03	8.818443e+01	0.000000e+00
8.31572000000e+03	8.819688e+01	0.000000e+00
8.38792600000e+03	8.821552e+01	0.000000e+00
8.46075800000e+03	8.823007e+01	0.000000e+00
8.53422200000e+03	8.823981e+01	0.000000e+00
8.60832500000e+03	8.825890e+01	0.000000e+00
8.68307100000e+03	8.826726e+01	0.000000e+00
8.75846600000e+03	8.828847e+01	0.000000e+00
8.83451500000e+03	8.830596e+01	0.000000e+00
8.91122500000e+03	8.831714e+01	0.000000e+00
8.98860100000e+03	8.832822e+01	0.000000e+00
9.06664900000e+03	8.833514e+01	0.000000e+00
9.14537500000e+03	8.835130e+01	0.000000e+00
9.22478400000e+03	8.837335e+01	0.000000e+00
9.30488200000e+03	8.837492e+01	0.000000e+00
9.38567700000e+03	8.839616e+01	0.000000e+00
9.46717200000e+03	8.840736e+01	0.000000e+00
9.54937500000e+03	8.842426e+01	0.000000e+00
9.63229200000e+03	8.843224e+01	0.000000e+00
9.71593000000e+03	8.844594e+01	0.000000e+00
9.80029300000e+03	8.845638e+01	0.000000e+00
9.88538900000e+03	8.847217e+01	0.000000e+00
9.97122300000e+03	8.848521e+01	0.000000e+00
1.00578030000e+04	8.849416e+01	0.000000e+00
1.01451350000e+04	8.850175e+01	0.000000e+00
1.02332250000e+04	8.851734e+01	0.000000e+00
1.03220800000e+04	8.852480e+01	0.000000e+00
1.04117060000e+04	8.853874e+01	0.000000e+00
1.05021110000e+04	8.855356e+01	0.000000e+00
1.05933000000e+04	8.856835e+01	0.000000e+00
1.06852820000e+04	8.857605e+01	0.000000e+00
1.07780620000e+04	8.858734e+01	0.000000e+00
1.08716480000e+04	8.860551e+01	0.000000e+00
1.09660460000e+04	8.861537e+01	0.000000e+00
1.10612640000e+04	8.861984e+01	0.000000e+00
1.11573090000e+04	8.863160e+01	0.000000e+00
1.12541870000e+04	8.864230e+01	0.000000e+00
1.13519070000e+04	8.864417e+01	0.000000e+00
1.14504760000e+04	8.865840e+01	0.000000e+00
1.15499000000e+04	8.867002e+01	0.000000e+00
1.16501880000e+04	8.867803e+01	0.000000e+00
1.17513460000e+04	8.869646e+01	0.000000e+00
1.18533830000e+04	8.870746e+01	0.000000e+00
1.19563050000e+04	8.871528e+01	0.000000e+00
1.20601220000e+04	8.873074e+01	0.000000e+00
1.21648390000e+04	8.874500e+01	0.000000e+00
1.22704670000e+04	8.875031e+01	0.000000e+00
1.23770110000e+04	8.876463e+01	0.000000e+00
1.24844800000e+04	8.877745e+01	0.000000e+00
1.25928830000e+04	8.878396e+01	0.000000e+00
1.27022260000e+04	8.879489e+01	0.000000e+00
1.28125200000e+04	8.880213e+01	0.000000e+00
1.29237700000e+04	8.881034e+01	0.000000e+00
1.30359870000e+04	8.881767e+01	0.000000e+00
1.31491790000e+04	8.883241e+01	0.000000e+00
1.32633530000e+04	8.883541e+01	0.000000e+00
1.33785180000e+04	8.885086e+01	0.000000e+00
1.34946840000e+04	8.885618e+01	0.000000e+00
1.36118580000e+04	8.886288e+01	0.000000e+00
1.37300490000e+04	8.887740e+01	0.000000e+00
1.38492670000e+04	8.888541e+01	0.000000e+00
1.39695200000e+04	8.889153e+01	0.000000e+00
1.40908170000e+04	8.890636e+01	0.000000e+00
1.42131670000e+04	8.891462e+01	0.000000e+00
1.43365800000e+04	8.891508e+01	0.000000e+00
1.44610640000e+04	8.892728e+01	0.000000e+00
1.45866290000e+04	8.893450e+01	0.000000e+00
1.47132850000e+04	8.893853e+01	0.000000e+00
1.48410400000e+04	8.894708e+01	0.000000e+00
1.49699040000e+04	8.896052e+01	0.000000e+00
1.50998880000e+04	8.896668e+01	0.000000e+00
1.52310000000e+04	8.897777e+01	0.000000e+00
1.53632500000e+04	8.898114e+01	0.000000e+00
1.54966490000e+04	8.899253e+01	0.000000e+00
1.56312060000e+04	8.899690e+01	0.000000e+00
1.57669320000e+04	8.900239e+01	0.000000e+00
1.59038360000e+04	8.900587e+01	0.000000e+00
1.60419280000e+04	8.901678e+01	0.000000e+00
1.61812200000e+04	8.903076e+01	0.000000e+00
1.63217210000e+04	8.903568e+01	0.000000e+00
1.64634420000e+04	8.903777e+01	0.000000e+00
1.66063940000e+04	8.904706e+01	0.000000e+00
1.67505870000e+04	8.904945e+01	0.000000e+00
1.68960320000e+04	8.906290e+01	0.000000e+00
1.70427400000e+04	8.906520e+01	0.000000e+00
1.71907220000e+04	8.907390e+01	0.000000e+00
1.73399890000e+04	8.907848e+01	0.000000e+00
1.74905520000e+04	8.908838e+01	0.000000e+00
1.76424220000e+04	8.909714e+01	0.000000e+00
1.77956100000e+04	8.910116e+01	0.000000e+00
1.79501290000e+04	8.910564e+01	0.000000e+00
1.81059900000e+04	8.911604e+01	0.000000e+00
1.82632040000e+04	8.911943e+01	0.000000e+00
1.84217830000e+04	8.912440e+01	0.000000e+00
1.85817390000e+04	8.913235e+01	0.000000e+00
1.87430840000e+04	8.913384e+01	0.000000e+00
1.89058300000e+04	8.913979e+01	0.000000e+00
1.90699890000e+04	8.914986e+01	0.000000e+00
1.92355730000e+04	8.915884e+01	0.000000e+00
1.94025950000e+04	8.915754e+01	0.000000e+00
1.95710680000e+04	8.917130e+01	0.000000e+00
1.97410030000e+04	8.917750e+01	0.000000e+00
1.99124140000e+04	8.918448e+01	0.000000e+00
2.00853130000e+04	8.919172e+01	0.000000e+00
2.02597130000e+04	8.920030e+01	0.000000e+00
2.04356280000e+04	8.920478e+01	0.000000e+00
2.06130700000e+04	8.921233e+01	0.000000e+00
2.07920530000e+04	8.921593e+01	0.000000e+00
2.09725900000e+04	8.922113e+01	0.000000e+00
2.11546950000e+04	8.922861e+01	0.000000e+00
2.13383800000e+04	8.923334e+01	0.000000e+00
2.15236610000e+04	8.923843e+01	0.000000e+00
2.17105510000e+04	8.924203e+01	0.000000e+00
2.18990630000e+04	8.924896e+01	0.000000e+00
2.20892120000e+04	8.925448e+01	0.000000e+00
2.22810120000e+04	8.925410e+01	0.000000e+00
2.24744780000e+04	8.926742e+01	0.000000e+00
2.26696230000e+04	8.926928e+01	0.000000e+00
2.28664630000e+04	8.927972e+01	0.000000e+00
2.30650120000e+04	8.927834e+01	0.000000e+00
2.32652850000e+04	8.928609e+01	0.000000e+00
2.34672970000e+04	8.929250e+01	0.000000e+00
2.36710640000e+04	8.929271e+01	0.000000e+00
2.38765990000e+04	8.930167e+01	0.000000e+00
2.40839190000e+04	8.930901e+01	0.000000e+00
2.42930390000e+04	8.930869e+01	0.000000e+00
2.45039750000e+04	8.931964e+01	0.000000e+00
2.47167430000e+04	8.932366e+01	0.000000e+00
2.49313580000e+04	8.932684e+01	0.000000e+00
2.51478360000e+04	8.932693e+01	0.000000e+00
2.53661950000e+04	8.933559e+01	0.000000e+00
2.55864490000e+04	8.934209e+01	0.000000e+00
2.58086150000e+04	8.933835e+01	0.000000e+00
2.60327110000e+04	8.934662e+01	0.000000e+00
2.62587530000e+04	8.934791e+01	0.000000e+00
2.64867570000e+04	8.935235e+01	0.000000e+00
2.67167410000e+04	8.936404e+01	0.000000e+00
2.69487220000e+04	8.936561e+01	0.000000e+00
2.71827170000e+04	8.936727e+01	0.000000e+00
2.74187440000e+04	8.937770e+01	0.000000e+00
2.76568210000e+04	8.938070e+01	0.000000e+00
2.78969640000e+04	8.938300e+01	0.000000e+00
2.81391930000e+04	8.938296e+01	0.000000e+00
2.83835250000e+04	8.938850e+01	0.000000e+00
2.86299790000e+04	8.939132e+01	0.000000e+00
2.88785720000e+04	8.939646e+01	0.000000e+00
2.91293240000e+04	8.939361e+01	0.000000e+00
2.93822540000e+04	8.939843e+01	0.000000e+00
2.96373790000e+04	8.939961e+01	0.000000e+00
2.98947200000e+04	8.940472e+01	0.000000e+00
3.01542960000e+04	8.940924e+01	0.000000e+00
3.04161250000e+04	8.941315e+01	0.000000e+00
3.06802270000e+04	8.941562e+01	0.000000e+00
3.09466230000e+04	8.942441e+01	0.000000e+00
3.12153320000e+04	8.942459e+01	0.000000e+00
3.14863740000e+04	8.943468e+01	0.000000e+00
3.17597700000e+04	8.942959e+01	0.000000e+00
3.20355390000e+04	8.944112e+01	0.000000e+00
3.23137030000e+04	8.944213e+01	0.000000e+00
3.25942830000e+04	8.945060e+01	0.000000e+00
3.28772980000e+04	8.945130e+01	0.000000e+00
3.31627710000e+04	8.945444e+01	0.000000e+00
3.34507230000e+04	8.946060e+01	0.000000e+00
3.37411750000e+04	8.946661e+01	0.000000e+00
3.40341490000e+04	8.946732e+01	0.000000e+00
3.43296670000e+04	8.946637e+01	0.000000e+00
3.46277510000e+04	8.946885e+01	0.000000e+00
3.49284230000e+04	8.947027e+01	0.000000e+00
3.52317060000e+04	8.947439e+01	0.000000e+00
3.55376220000e+04	8.947961e+01	0.000000e+00
3.58461940000e+04	8.948485e+01	0.000000e+00
3.61574460000e+04	8.948140e+01	0.000000e+00
3.64714010000e+04	8.948577e+01	0.000000e+00
3.67880810000e+04	8.949075e+01	0.000000e+00
3.71075110000e+04	8.949371e+01	0.000000e+00
3.74297150000e+04	8.949489e+01	0.000000e+00
3.77547170000e+04	8.950106e+01	0.000000e+00
3.80825400000e+04	8.950440e+01	0.000000e+00
3.84132100000e+04	8.950878e+01	0.000000e+00
3.87467510000e+04	8.950644e+01	0.000000e+00
3.90831890000e+04	8.950864e+01	0.000000e+00
3.94225470000e+04	8.951487e+01	0.000000e+00
3.97648520000e+04	8.951875e+01	0.000000e+00
4.01101300000e+04	8.951659e+01	0.000000e+00
4.04584050000e+04	8.951849e+01	0.000000e+00
4.08097050000e+04	8.951971e+01	0.000000e+00
4.11640550000e+04	8.952571e+01	0.000000e+00
4.15214820000e+04	8.952979e+01	0.000000e+00
4.18820120000e+04	8.953536e+01	0.000000e+00
4.22456720000e+04	8.953125e+01	0.000000e+00
4.26124910000e+04	8.953014e+01	0.000000e+00
4.29824940000e+04	8.954208e+01	0.000000e+00
4.33557110000e+04	8.953852e+01	0.000000e+00
4.37321670000e+04	8.954281e+01	0.000000e+00
4.41118930000e+04	8.954228e+01	0.000000e+00
4.44949160000e+04	8.955125e+01	0.000000e+00
4.48812640000e+04	8.954290e+01	0.000000e+00
4.52709670000e+04	8.954960e+01	0.000000e+00
4.56640540000e+04	8.955260e+01	0.000000e+00
4.60605540000e+04	8.955492e+01	0.000000e+00
4.64604970000e+04	8.955609e+01	0.000000e+00
4.68639130000e+04	8.955508e+01	0.000000e+00
4.72708310000e+04	8.955949e+01	0.000000e+00
4.76812830000e+04	8.955983e+01	0.000000e+00
4.80952990000e+04	8.956548e+01	0.000000e+00
4.85129090000e+04	8.956697e+01	0.000000e+00
4.89341460000e+04	8.957239e+01	0.000000e+00
4.93590400000e+04	8.957127e+01	0.000000e+00
4.97876240000e+04	8.957268e+01	0.000000e+00
5.02199290000e+04	8.957637e+01	0.000000e+00
5.06559880000e+04	8.957400e+01	0.000000e+00
5.10958330000e+04	8.957793e+01	0.000000e+00
5.15394970000e+04	8.958275e+01	0.000000e+00
5.19870130000e+04	8.957966e+01	0.000000e+00
5.24384160000e+04	8.958627e+01	0.000000e+00
5.28937370000e+04	8.958530e+01	0.000000e+00
5.33530130000e+04	8.959010e+01	0.000000e+00
5.38162760000e+04	8.958985e+01	0.000000e+00
5.42835620000e+04	8.958993e+01	0.000000e+00
5.47549050000e+04	8.959477e+01	0.000000e+00
5.52303410000e+04	8.959538e+01	0.000000e+00
5.57099050000e+04	8.959406e+01	0.000000e+00
5.61936330000e+04	8.959573e+01	0.000000e+00
5.66815610000e+04	8.959666e+01	0.000000e+00
5.71737260000e+04	8.959905e+01	0.000000e+00
5.76701640000e+04	8.959561e+01	0.000000e+00
5.81709130000e+04	8.960447e+01	0.000000e+00
5.86760100000e+04	8.960454e+01	0.000000e+00
5.91854930000e+04	8.960716e+01	0.000000e+00
5.96993990000e+04	8.960616e+01	0.000000e+00
6.02177680000e+04	8.960728e+01	0.000000e+00
6.07406380000e+04	8.960952e+01	0.000000e+00
6.12680480000e+04	8.961540e+01	0.000000e+00
6.18000370000e+04	8.961836e+01	0.000000e+00
6.23366460000e+04	8.961536e+01	0.000000e+00
6.28779140000e+04	8.962093e+01	0.000000e+00
6.34238810000e+04	8.961916e+01	0.000000e+00
6.39745900000e+04	8.961908e+01	0.000000e+00
6.45300800000e+04	8.962223e+01	0.000000e+00
6.50903930000e+04	8.962315e+01	0.000000e+00
6.56555720000e+04	8.962439e+01	0.000000e+00
6.62256580000e+04	8.962894e+01	0.000000e+00
6.68006940000e+04	8.962869e+01	0.000000e+00
6.73807230000e+04	8.962747e+01	0.000000e+00
6.79657890000e+04	8.962706e+01	0.000000e+00
6.85559350000e+04	8.963116e+01	0.000000e+00
6.91512050000e+04	8.963517e+01	0.000000e+00
6.97516430000e+04	8.963181e+01	0.000000e+00
7.03572950000e+04	8.963682e+01	0.000000e+00
7.09682060000e+04	8.963500e+01	0.000000e+00
7.15844220000e+04	8.963877e+01	0.000000e+00
7.22059880000e+04	8.963675e+01	0.000000e+00
7.28329520000e+04	8.963823e+01	0.000000e+00
7.34653590000e+04	8.963940e+01	0.000000e+00
7.41032570000e+04	8.963694e+01	0.000000e+00
7.47466940000e+04	8.963892e+01	0.000000e+00
7.53957180000e+04	8.964208e+01	0.000000e+00
7.60503780000e+04	8.964136e+01	0.000000e+00
7.67107220000e+04	8.964163e+01	0.000000e+00
7.73768000000e+04	8.964714e+01	0.000000e+00
7.80486610000e+04	8.964677e+01	0.000000e+00
7.87263560000e+04	8.964626e+01	0.000000e+00
7.94099360000e+04	8.964709e+01	0.000000e+00
8.00994510000e+04	8.964840e+01	0.000000e+00
8.07949530000e+04	8.965002e+01	0.000000e+00
8.14964940000e+04	8.965132e+01	0.000000e+00
8.22041260000e+04	8.964997e+01	0.000000e+00
8.29179030000e+04	8.964538e+01	0.000000e+00
8.36378780000e+04	8.964826e+01	0.000000e+00
8.43641040000e+04	8.964740e+01	0.000000e+00
8.50966360000e+04	8.965248e+01	0.000000e+00
8.58355280000e+04	8.965053e+01	0.000000e+00
8.65808360000e+04	8.965484e+01	0.000000e+00
8.73326160000e+04	8.965403e+01	0.000000e+00
8.80909240000e+04	8.965520e+01	0.000000e+00
8.88558160000e+04	8.965558e+01	0.000000e+00
8.96273490000e+04	8.965482e+01	0.000000e+00
9.04055820000e+04	8.965028e+01	0.000000e+00
9.11905710000e+04	8.965398e+01	0.000000e+00
9.19823780000e+04	8.965575e+01	0.000000e+00
9.27810590000e+04	8.965831e+01	0.000000e+00
9.35866750000e+04	8.965398e+01	0.000000e+00
9.43992860000e+04	8.965781e+01	0.000000e+00
9.52189540000e+04	8.965011e+01	0.000000e+00
9.60457380000e+04	8.966003e+01	0.000000e+00
9.68797010000e+04	8.966325e+01	0.000000e+00
9.77209060000e+04	8.966032e+01	0.000000e+00
9.85694150000e+04	8.965598e+01	0.000000e+00
9.94252910000e+04	8.965533e+01	0.000000e+00
1.00288599000e+05	8.965614e+01	0.000000e+00
1.01159403000e+05	8.965419e+01	0.000000e+00
1.02037768000e+05	8.966130e+01	0.000000e+00
1.02923760000e+05	8.965775e+01	0.000000e+00
1.03817445000e+05	8.965563e+01	0.000000e+00
1.04718890000e+05	8.965671e+01	0.000000e+00
1.05628162000e+05	8.965836e+01	0.000000e+00
1.06545330000e+05	8.965665e+01	0.000000e+00
1.07470461000e+05	8.965561e+01	0.000000e+00
1.08403625000e+05	8.965501e+01	0.000000e+00
1.09344892000e+05	8.966116e+01	0.000000e+00
1.10294331000e+05	8.965559e+01	0.000000e+00
1.11252015000e+05	8.965305e+01	0.000000e+00
1.12218014000e+05	8.965351e+01	0.000000e+00
1.13192401000e+05	8.965349e+01	0.000000e+00
1.14175248000e+05	8.965233e+01	0.000000e+00
1.15166630000e+05	8.965194e+01	0.000000e+00
1.16166620000e+05	8.965388e+01	0.000000e+00
1.17175292000e+05	8.965473e+01	0.000000e+00
1.18192723000e+05	8.965358e+01	0.000000e+00
1.19218988000e+05	8.965282e+01	0.000000e+00
1.20254164000e+05	8.965479e+01	0.000000e+00
1.21298329000e+05	8.965414e+01	0.000000e+00
1.22351560000e+05	8.965396e+01	0.000000e+00
1.23413937000e+05	8.965441e+01	0.000000e+00
1.24485537000e+05	8.964925e+01	0.000000e+00
1.25566443000e+05	8.965063e+01	0.000000e+00
1.26656734000e+05	8.965309e+01	0.000000e+00
1.27756492000e+05	8.964922e+01	0.000000e+00
1.28865799000e+05	8.964568e+01	0.000000e+00
1.29984739000e+05	8.964987e+01	0.000000e+00
1.31113394000e+05	8.964581e+01	0.000000e+00
1.32251849000e+05	8.964323e+01	0.000000e+00
1.33400189000e+05	8.964579e+01	0.000000e+00
1.34558501000e+05	8.964835e+01	0.000000e+00
1.35726869000e+05	8.964516e+01	0.000000e+00
1.36905383000e+05	8.964604e+01	0.000000e+00
1.38094130000e+05	8.964067e+01	0.000000e+00
1.39293199000e+05	8.964263e+01	0.000000e+00
1.40502679000e+05	8.964484e+01	0.000000e+00
1.41722661000e+05	8.964062e+01	0.000000e+00
1.42953237000e+05	8.964135e+01	0.000000e+00
1.44194497000e+05	8.964207e+01	0.000000e+00
1.45446535000e+05	8.964137e+01	0.000000e+00
1.46709444000e+05	8.963674e+01	0.000000e+00
1.47983320000e+05	8.964000e+01	0.000000e+00
1.49268256000e+05	8.963471e+01	0.000000e+00
1.50564350000e+05	8.963179e+01	0.000000e+00
1.51871697000e+05	8.963364e+01	0.000000e+00
1.53190396000e+05	8.963268e+01	0.000000e+00
1.54520546000e+05	8.963096e+01	0.000000e+00
1.55862245000e+05	8.962761e+01	0.000000e+00
1.57215593000e+05	8.962800e+01	0.000000e+00
1.58580694000e+05	8.962696e+01	0.000000e+00
1.59957647000e+05	8.962540e+01	0.000000e+00
1.61346556000e+05	8.962154e+01	0.000000e+00
1.62747525000e+05	8.962337e+01	0.000000e+00
1.64160659000e+05	8.961858e+01	0.000000e+00
1.65586063000e+05	8.961986e+01	0.000000e+00
1.67023843000e+05	8.962169e+01	0.000000e+00
1.68474108000e+05	8.961595e+01	0.000000e+00
1.69936966000e+05	8.960989e+01	0.000000e+00
1.71412525000e+05	8.961051e+01	0.000000e+00
1.72900897000e+05	8.960677e+01	0.000000e+00
1.74402192000e+05	8.960931e+01	0.000000e+00
1.75916523000e+05	8.960669e+01	0.000000e+00
1.77444003000e+05	8.960847e+01	0.000000e+00
1.78984746000e+05	8.960869e+01	0.000000e+00
1.80538867000e+05	8.960068e+01	0.000000e+00
1.82106483000e+05	8.960109e+01	0.000000e+00
1.83687710000e+05	8.960149e+01	0.000000e+00
1.85282667000e+05	8.960207e+01	0.000000e+00
1.86891473000e+05	8.959787e+01	0.000000e+00
1.88514248000e+05	8.959756e+01	0.000000e+00
1.90151114000e+05	8.959666e+01	0.000000e+00
1.91802192000e+05	8.959365e+01	0.000000e+00
1.93467607000e+05	8.959225e+01	0.000000e+00
1.95147483000e+05	8.959328e+01	0.000000e+00
1.96841945000e+05	8.959097e+01	0.000000e+00
1.98551120000e+05	8.958752e+01	0.000000e+00
2.00275135000e+05	8.958650e+01	0.000000e+00
2.02014121000e+05	8.958141e+01	0.000000e+00
2.03768205000e+05	8.958067e+01	0.000000e+00
2.05537521000e+05	8.958090e+01	0.000000e+00
2.07322199000e+05	8.957657e+01	0.000000e+00
2.09122374000e+05	8.957319e+01	0.000000e+00
2.10938180000e+05	8.956953e+01	0.000000e+00
2.12769752000e+05	8.956770e+01	0.000000e+00
2.14617228000e+05	8.956566e+01	0.000000e+00
2.16480745000e+05	8.956381e+01	0.000000e+00
2.18360443000e+05	8.955954e+01	0.000000e+00
2.20256463000e+05	8.955766e+01	0.000000e+00
2.22168946000e+05	8.955568e+01	0.000000e+00
2.24098035000e+05	8.955149e+01	0.000000e+00
2.26043874000e+05	8.954812e+01	0.000000e+00
2.28006608000e+05	8.954934e+01	0.000000e+00
2.29986385000e+05	8.954495e+01	0.000000e+00
2.31983353000e+05	8.954274e+01	0.000000e+00
2.33997660000e+05	8.954301e+01	0.000000e+00
2.36029457000e+05	8.953836e+01	0.000000e+00
2.38078897000e+05	8.953236e+01	0.000000e+00
2.40146131000e+05	8.953248e+01	0.000000e+00
2.42231316000e+05	8.952796e+01	0.000000e+00
2.44334606000e+05	8.952244e+01	0.000000e+00
2.46456158000e+05	8.952097e+01	0.000000e+00
2.48596133000e+05	8.951904e+01	0.000000e+00
2.50754688000e+05	8.951738e+01	0.000000e+00
2.52931986000e+05	8.950928e+01	0.000000e+00
2.55128190000e+05	8.951032e+01	0.000000e+00
2.57343463000e+05	8.950729e+01	0.000000e+00
2.59577972000e+05	8.950715e+01	0.000000e+00
2.61831882000e+05	8.950372e+01	0.000000e+00
2.64105364000e+05	8.949780e+01	0.000000e+00
2.66398586000e+05	8.949267e+01	0.000000e+00
2.68711720000e+05	8.948636e+01	0.000000e+00
2.71044938000e+05	8.948676e+01	0.000000e+00
2.73398417000e+05	8.948911e+01	0.000000e+00
2.75772330000e+05	8.947764e+01	0.000000e+00
2.78166856000e+05	8.947523e+01	0.000000e+00
2.80582173000e+05	8.947266e+01	0.000000e+00
2.83018463000e+05	8.946839e+01	0.000000e+00
2.85475907000e+05	8.946160e+01	0.000000e+00
2.87954689000e+05	8.945609e+01	0.000000e+00
2.90454994000e+05	8.945412e+01	0.000000e+00
2.92977010000e+05	8.945215e+01	0.000000e+00
2.95520924000e+05	8.944724e+01	0.000000e+00
2.98086926000e+05	8.944466e+01	0.000000e+00
3.00675209000e+05	8.943736e+01	0.000000e+00
3.03285967000e+05	8.943385e+01	0.000000e+00
3.05919393000e+05	8.943393e+01	0.000000e+00
3.08575685000e+05	8.942791e+01	0.000000e+00
3.11255042000e+05	8.942068e+01	0.000000e+00
3.13957664000e+05	8.942009e+01	0.000000e+00
3.16683752000e+05	8.941270e+01	0.000000e+00
3.19433511000e+05	8.940831e+01	0.000000e+00
3.22207147000e+05	8.940563e+01	0.000000e+00
3.25004865000e+05	8.940279e+01	0.000000e+00
3.27826876000e+05	8.939774e+01	0.000000e+00
3.30673391000e+05	8.939247e+01	0.000000e+00
3.33544622000e+05	8.938358e+01	0.000000e+00
3.36440784000e+05	8.938372e+01	0.000000e+00
3.39362093000e+05	8.937631e+01	0.000000e+00
3.42308767000e+05	8.936838e+01	0.000000e+00
3.45281028000e+05	8.936389e+01	0.000000e+00
3.48279097000e+05	8.935999e+01	0.000000e+00
3.51303197000e+05	8.935729e+01	0.000000e+00
3.54353557000e+05	8.935048e+01	0.000000e+00
3.57430402000e+05	8.934583e+01	0.000000e+00
3.60533963000e+05	8.933930e+01	0.000000e+00
3.63664473000e+05	8.933767e+01	0.000000e+00
3.66822165000e+05	8.932941e+01	0.000000e+00
3.70007275000e+05	8.932603e+01	0.000000e+00
3.73220041000e+05	8.930529e+01	0.000000e+00
3.76460704000e+05	8.930119e+01	0.000000e+00
3.79729505000e+05	8.928876e+01	0.000000e+00
3.83026689000e+05	8.928581e+01	0.000000e+00
3.86352503000e+05	8.928184e+01	0.000000e+00
3.89707194000e+05	8.927530e+01	0.000000e+00
3.93091014000e+05	8.926802e+01	0.000000e+00
3.96504216000e+05	8.926535e+01	0.000000e+00
3.99947055000e+05	8.925486e+01	0.000000e+00
4.03419788000e+05	8.924982e+01	0.000000e+00
4.06922674000e+05	8.924154e+01	0.000000e+00
4.10455976000e+05	8.923474e+01	0.000000e+00
4.14019958000e+05	8.922670e+01	0.000000e+00
4.17614885000e+05	8.922285e+01	0.000000e+00
4.21241027000e+05	8.921258e+01	0.000000e+00
4.24898655000e+05	8.920674e+01	0.000000e+00
4.28588042000e+05	8.919809e+01	0.000000e+00
4.32309464000e+05	8.919321e+01	0.000000e+00
4.36063199000e+05	8.918346e+01	0.000000e+00
4.39849528000e+05	8.917620e+01	0.000000e+00
4.43668733000e+05	8.916955e+01	0.000000e+00
4.47521100000e+05	8.915775e+01	0.000000e+00
4.51406918000e+05	8.915203e+01	0.000000e+00
4.55326476000e+05	8.914558e+01	0.000000e+00
4.59280067000e+05	8.913860e+01	0.000000e+00
4.63267987000e+05	8.912900e+01	0.000000e+00
4.67290534000e+05	8.911930e+01	0.000000e+00
4.71348009000e+05	8.911326e+01	0.000000e+00
4.75440715000e+05	8.910166e+01	0.000000e+00
4.79568958000e+05	8.909264e+01	0.000000e+00
4.83733046000e+05	8.908238e+01	0.000000e+00
4.87933291000e+05	8.907395e+01	0.000000e+00
4.92170007000e+05	8.906668e+01	0.000000e+00
4.96443510000e+05	8.905402e+01	0.000000e+00
5.00754119000e+05	8.904457e+01	0.000000e+00
5.05102158000e+05	8.903500e+01	0.000000e+00
5.09487951000e+05	8.902271e+01	0.000000e+00
5.13911825000e+05	8.901238e+01	0.000000e+00
5.18374112000e+05	8.900436e+01	0.000000e+00
5.22875144000e+05	8.898850e+01	0.000000e+00
5.27415259000e+05	8.897912e+01	0.000000e+00
5.31994796000e+05	8.896922e+01	0.000000e+00
5.36614097000e+05	8.895691e+01	0.000000e+00
5.41273507000e+05	8.894367e+01	0.000000e+00
5.45973375000e+05	8.893335e+01	0.000000e+00
5.50714052000e+05	8.891718e+01	0.000000e+00
5.55495891000e+05	8.890525e+01	0.000000e+00
5.60319252000e+05	8.889181e+01	0.000000e+00
5.65184493000e+05	8.888245e+01	0.000000e+00
5.70091980000e+05	8.886644e+01	0.000000e+00
5.75042078000e+05	8.885318e+01	0.000000e+00
5.80035157000e+05	8.883749e+01	0.000000e+00
5.85071592000e+05	8.882155e+01	0.000000e+00
5.90151757000e+05	8.880712e+01	0.000000e+00
5.95276034000e+05	8.879147e+01	0.000000e+00
6.00444805000e+05	8.877112e+01	0.000000e+00
6.05658456000e+05	8.876022e+01	0.000000e+00
6.10917377000e+05	8.874044e+01	0.000000e+00
6.16221961000e+05	8.872357e+01	0.000000e+00
6.21572604000e+05	8.870685e+01	0.000000e+00
6.26969708000e+05	8.868485e+01	0.000000e+00
6.32413674000e+05	8.867147e+01	0.000000e+00
6.37904910000e+05	8.865228e+01	0.000000e+00
6.43443826000e+05	8.863383e+01	0.000000e+00
6.49030837000e+05	8.861062e+01	0.000000e+00
6.54666360000e+05	8.858852e+01	0.000000e+00
6.60350815000e+05	8.856898e+01	0.000000e+00
6.66084629000e+05	8.855067e+01	0.000000e+00
6.71868229000e+05	8.852966e+01	0.000000e+00
6.77702049000e+05	8.850942e+01	0.000000e+00
6.83586523000e+05	8.848727e+01	0.000000e+00
6.89522092000e+05	8.847057e+01	0.000000e+00
6.95509199000e+05	8.844693e+01	0.000000e+00
7.01548293000e+05	8.842690e+01	0.000000e+00
7.07639823000e+05	8.840636e+01	0.000000e+00
7.13784247000e+05	8.838468e+01	0.000000e+00
7.19982022000e+05	8.836656e+01	0.000000e+00
7.26233612000e+05	8.834476e+01	0.000000e+00
7.32539485000e+05	8.831962e+01	0.000000e+00
7.38900112000e+05	8.829994e+01	0.000000e+00
7.45315967000e+05	8.827765e+01	0.000000e+00
7.51787532000e+05	8.825337e+01	0.000000e+00
7.58315289000e+05	8.823397e+01	0.000000e+00
7.64899726000e+05	8.821171e+01	0.000000e+00
7.71541336000e+05	8.819009e+01	0.000000e+00
7.78240615000e+05	8.817000e+01	0.000000e+00
7.84998064000e+05	8.814568e+01	0.000000e+00
7.91814188000e+05	8.812080e+01	0.000000e+00
7.98689495000e+05	8.809998e+01	0.000000e+00
8.05624501000e+05	8.807710e+01	0.000000e+00
8.12619724000e+05	8.804800e+01	0.000000e+00
8.19675686000e+05	8.802116e+01	0.000000e+00
8.26792914000e+05	8.799346e+01	0.000000e+00
8.33971942000e+05	8.796653e+01	0.000000e+00
8.41213304000e+05	8.793848e+01	0.000000e+00
8.48517544000e+05	8.791096e+01	0.000000e+00
8.55885206000e+05	8.787862e+01	0.000000e+00
8.63316841000e+05	8.785135e+01	0.000000e+00
8.70813005000e+05	8.781886e+01	0.000000e+00
8.78374258000e+05	8.778593e+01	0.000000e+00
8.86001165000e+05	8.775733e+01	0.000000e+00
8.93694296000e+05	8.772273e+01	0.000000e+00
9.01454227000e+05	8.768938e+01	0.000000e+00
9.09281537000e+05	8.765759e+01	0.000000e+00
9.17176812000e+05	8.761693e+01	0.000000e+00
9.25140641000e+05	8.757706e+01	0.000000e+00
9.33173620000e+05	8.753268e+01	0.000000e+00
9.41276349000e+05	8.748728e+01	0.000000e+00
9.49449434000e+05	8.744154e+01	0.000000e+00
9.57693485000e+05	8.739205e+01	0.000000e+00
9.66009120000e+05	8.734356e+01	0.000000e+00
9.74396959000e+05	8.729041e+01	0.000000e+00
9.82857630000e+05	8.723664e+01	0.000000e+00
9.91391764000e+05	8.718502e+01	0.000000e+00
1.00000000000e+06	8.712550e+01	0.000000e+00
